[60, 0, [[36, 1], [37, 1]]]
[61, 0, [[62, 1]]]
[63, 0, [[62, 1]]]
[64, 0, [[62, 1]]]
[65, 0, [[62, 1]]]
[66, 0, [[62, 1]]]
[35, 0, [[36, 1], [37, 1]]]
[36, 0, [[35, 1]]]
[37, 0, [[36, 1], [38, 1]]]
[38, 0, [[35, 1], [39, 1]]]
[39, 0, [[40, 1]]]
[40, 0, [[41, 1], [42, 1]]]
[42, 0, [[41, 1]]]
[41, 0, [[43, 1]]]
[43, 0, [[44, 1], [45, 1]]]
[44, 0, [[46, 1], [45, 1]]]
[45, 0, [[46, 1]]]
[46, 0, [[47, 1]]]
[47, 0, [[48, 1]]]
[48, 0, [[49, 1]]]
[49, 0, [[50, 1], [51, 1]]]
[51, 0, [[50, 1], [52, 1]]]
[50, 0, [[52, 1]]]
[52, 0, [[53, 1]]]
[53, 0, [[54, 1]]]
[54, 0, [[55, 1]]]
[55, 0, [[56, 1]]]
[56, 0, [[57, 1]]]
[57, 0, [[58, 1], [59, 1]]]
[58, 0, [[59, 1]]]
